344.427 345.854 1667.81
343.485 343.228 1654.47
598.087 107.662 2381.34
695.036 124.042 2233.12
-282.411 -741.424 2618.09
348.105 -275.296 2561.21
706.239 128.161 2216.36
-1280.58 -711.825 5307.72
-1276.21 -891.603 5280.88
-1263.38 -881.648 5235.32
467.574 -252.525 2610.21
1028.26 -307.955 2611.58
625.861 74.1547 2381.36
682.049 94.6153 2340.18
626.948 382.487 1932.14
810.129 160.487 2337.99
626.33 381.682 1929.13
339.575 -417.332 2542.31
622.82 127.235 2387.55
-219.855 -182.406 2630.56
-89.2212 -276.146 2653.1
992.813 -445.022 2514.35
-1375.14 -835.834 4871.17
451.53 -191.806 2518.33
19.3443 -766.259 2719.43
-12.7114 -826.917 2594.94
175.763 -575.591 2539.16
839.677 -335.351 2484.71
-85.7337 -775.209 2712.33
521.434 -333.964 2462.23
529.664 -322.46 2460.07
499.36 -372.755 2485.88
642.69 104.322 2313.54
344.475 347.14 1627.86
501.098 -116.136 2494.05
109.183 -226.168 2540.95
660.833 362.194 1866.32
146.6 -194.332 2532.89
76.7565 -196.172 2550.18
682.082 -130.316 2548.87
68.8798 -184.668 2488.43
-31.4739 -788.709 2666.37
-214.669 -635.895 2539.18
523.261 -401.162 2463.36
534.661 -69.8632 2474.34
615.654 222.562 2358.54
872.035 -383.398 2476.11
614.376 221.779 2350.78
-160.196 -289.825 2655.44
65.6955 -186.518 2537.71
264.716 -350.824 2616.28
-338.551 77.1174 1603.73
285.354 -374.684 2598.79
683.637 -130.785 2557.58
531.897 -414.163 2465.5
76.5131 -281.666 2549.14
231.114 -241.953 2599.91
-80.1022 -322.395 2659.52
644.72 -386.519 2532.39
160.745 -510.334 2636.13
-132.683 -247.688 2648.3
589.873 64.5575 2415.29
162.176 -500.809 2580.83
423.172 -282.036 2585
9.78338 -283.525 2593.15
541.308 -166.62 2528.67
-134.654 -248.898 2662.77
541.452 -168.381 2529.44
460.086 -42.7097 2618.5
817.454 -249.718 2502.78
285.761 -486.711 2607.25
286.284 -320.483 2620.87
139.629 -246.405 2536.47
231.032 -380.803 2636.93
-209.252 -261.637 2626.47
413.1 52.7227 862.311
648.563 -2132.54 5942.89
139.829 -245.864 2530.69
112.545 -25.3874 -520.353
776.945 99.1797 1590.97
383.158 -84.6686 2583.61
1029.81 -169.837 2509.56
406.146 52.5602 851.149
155.883 -67.4271 2593.99
1062.99 -358.504 2527.78
655.769 401.43 1915.64
1063.13 -358.587 2528.22
290.403 -271.625 2657.16
581.078 -382.198 2490.15
687.101 102.194 2028.21
721.256 -171.147 2600.35
-198.767 -298.783 2654.52
267.87 -422.606 2639.35
853.746 117.06 1963.18
261.938 -265.105 2601.01
1073.37 -153.134 2504.83
